a1
1 2 5 8 4 6 
1 1 1 1 2 2 
a2
11 12  6  7  9 
 1  1  2  2  2 
a3
11 12 13 18 10 14 
 1  1  1  1  2  2 
a4
17 18 20 22 16 19 
 1  1  1  1  2  2 
a5
20 25 26 29 24 27 
 1  1  1  1  2  2 
a6
23 29 32 31 
 1  1  2  4 
b1
 3  4  8 13 10 12 
 1  1  1  1  2  2 
> 
> time_end<-Sys.time()
> 
> sum_l2_ab
[1]  3  9 10 17 27 30  3
> 
> L2_1
[1]  3 12 14 19 20 27  7
> L2_2
[1]  3  6  9 16 20 25  7
> L2_3
[1]  6  6 12 19 26 28  9
> L2_4
[1]  7 14 17 19 25 25 15
> L2_5
[1]  6 14 14 20 27 29  6
> 
> time_dur<-time_end-time_start  
> time_dur
Time difference of 9.417619 hours
> 
> c(sum_l2_ab[1],L2_1[1],L2_2[1],L2_3[1],L2_4[1],L2_5[1],
+   sum_l2_ab[2],L2_1[2],L2_2[2],L2_3[2],L2_4[2],L2_5[2],
+   sum_l2_ab[3],L2_1[3],L2_2[3],L2_3[3],L2_4[3],L2_5[3],
+   sum_l2_ab[4],L2_1[4],L2_2[4],L2_3[4],L2_4[4],L2_5[4],
+   sum_l2_ab[5],L2_1[5],L2_2[5],L2_3[5],L2_4[5],L2_5[5],
+   sum_l2_ab[6],L2_1[6],L2_2[6],L2_3[6],L2_4[6],L2_5[6],
+   sum_l2_ab[7],L2_1[7],L2_2[7],L2_3[7],L2_4[7],L2_5[7])
 [1]  3  3  3  6  7  6  9 12  6  6 14 14 10 14  9 12 17 14 17 19 16 19 19 20 27 20 20 26 25 27 30 27 25
[34] 28 25 29  3  7  7  9 15  6
> 

a1
1 3 4 9 2 5 
1 1 1 1 2 2 
a2
 4  5  9 10  8 
 1  1  1  1  4 
a3
 7 11 12 15 16 17 18 
 1  1  1  1  1  1  2 
a4
13 15 17 19 21 18 
 1  1  1  1  1  3 
a5
20 21 24 25 
 1  2  2  3 
a6
24 27 25 28 29 
 1  1  2  2  2 
b1
 7  9 11 13  8 10 
 1  1  1  1  2  2 
> 
> time_end<-Sys.time()
> 
> sum_l2_ab
[1]  3  6 18 19 25 26  4
> 
> L2_1
[1]  7 17 17 18 23 30  9
> L2_2
[1]  3 13 13 21 21 28  5
> L2_3
[1]  2 10 11 15 27 30 10
> L2_4
[1]  8 16 17 20 26 29  9
> L2_5
[1]  4  9 18 21 22 29  6
> 
> time_dur<-time_end-time_start  
> time_dur
Time difference of 8.315706 hours
> 
> c(sum_l2_ab[1],L2_1[1],L2_2[1],L2_3[1],L2_4[1],L2_5[1],
+   sum_l2_ab[2],L2_1[2],L2_2[2],L2_3[2],L2_4[2],L2_5[2],
+   sum_l2_ab[3],L2_1[3],L2_2[3],L2_3[3],L2_4[3],L2_5[3],
+   sum_l2_ab[4],L2_1[4],L2_2[4],L2_3[4],L2_4[4],L2_5[4],
+   sum_l2_ab[5],L2_1[5],L2_2[5],L2_3[5],L2_4[5],L2_5[5],
+   sum_l2_ab[6],L2_1[6],L2_2[6],L2_3[6],L2_4[6],L2_5[6],
+   sum_l2_ab[7],L2_1[7],L2_2[7],L2_3[7],L2_4[7],L2_5[7])
 [1]  3  7  3  2  8  4  6 17 13 10 16  9 18 17 13
[16] 11 17 18 19 18 21 15 20 21 25 23 21 27 26 22
[31] 26 30 28 30 29 29  4  9  5 10  9  6